100
2423
3368
4976
106
5166
770
281
9155
91
331
9466
92
30
9973
3
282
9564
24
169
5239
7936
937
9365
39
27
9850
6
164
9207
66
313
9607
29
1124
9183
9314
591
5520
3789
99
9415
80
7768
7768
7768
1830
9768
6044
3979
7803
51
22
9904
10
984
9759
79
707
9242
85
768
9911
7
5080
5080
5080
1210
4017
5530
96
294
4
30
9886
10
6388
6660
108
4576
6468
44
96
357
6
251
9289
29
5532
9312
1546
4253
9064
7199
5016
8653
4294
3
9940
9
185
9013
39
376
9681
17
629
9318
52
464
9611
67
4800
7210
6851
863
8567
72
979
9123
99
135
9818
21
427
1418
3672
6994
8506
4102
29
9951
5
87
344
67
8
9984
4
7141
7420
8316
5046
9308
87
1
9940
8
237
289
45
700
9332
4
910
9539
55
7629
8171
7716
931
9234
42
209
4269
4600
902
9000
75
5536
6616
45
776
9672
8
920
1830
427
526
9428
86
3968
9858
3840
5062
6917
7638
4512
4897
24
421
479
9
187
365
25
499
9289
63
333
9710
2
1512
6598
1707
6518
7872
578
8368
8796
6157
8408
9637
3807
194
240
20
283
9135
79
389
7627
7835
954
9265
54
2279
4169
2097
629
9087
26
111
358
38
950
1751
73
2285
3779
5697
323
9017
99
703
9311
98
347
9477
30
2241
6260
1722
427
9497
88
978
2512
1857
363
9209
65
72
9610
40
50
9546
75
2
9923
1
30
9959
7
381
9772
56
9371
9571
66
5824
5824
5824
951
8722
9882
852
9203
11
378
9761
63
7295
9240
24
895
9775
6
6
9998
2
